0.1 6 1.913133333333e-4
0.1 5.8 1.9088e-4
0.1 5.6 1.905733333333e-4
0.1 5.4 1.903266666667e-4
0.1 5.2 1.899866666667e-4
0.1 5 1.8952e-4
0.1 4.8 1.890733333333e-4
0.1 4.6 1.8858e-4
0.1 4.4 1.880866666667e-4
0.1 4.2 1.874466666667e-4
0.1 4 1.8696e-4
0.1 3.8 1.864533333333e-4
0.1 3.6 1.857866666667e-4
0.1 3.4 1.852333333333e-4
0.1 3.2 1.8466e-4
0.1 3 1.840733333333e-4
0.1 2.8 1.8348e-4
0.1 2.6 1.828866666667e-4
0.1 2.4 1.822933333333e-4
0.1 2.2 1.817133333333e-4
0.1 2 1.810666666667e-4
0.1 1.8 1.804533333333e-4
0.1 1.6 1.797733333333e-4
0.1 1.4 1.791133333333e-4
0.1 1.2 1.784666666667e-4
0.1 1 1.777866666667e-4
0.1 0.8 1.771666666667e-4
0.1 0.6 1.763733333333e-4
0.1 0.4 1.756466666667e-4
0.1 0.2 1.748533333333e-4
0.1 0 1.741e-4
0.1 -0.2 1.733933333333e-4
0.1 -0.4 1.725133333333e-4
0.1 -0.6 1.716333333333e-4
0.1 -0.8 1.706666666667e-4
0.1 -1 1.697266666667e-4
0.1 -1.2 1.687e-4
0.1 -1.4 1.6758e-4
0.1 -1.6 1.663333333333e-4
0.1 -1.8 1.6498e-4
0.1 -2 1.634733333333e-4
0.1 -2.2 1.615866666667e-4
0.1 -2.4 1.592866666667e-4
0.1 -2.6 1.561933333333e-4
0.1 -2.8 1.507666666667e-4
0.1 -3 1.3742e-4
0.1 -3.2 1.0602e-4
0.1 -3.4 7.202533333333e-5
0.1 -3.6 5.498633333333e-5
0.1 -3.8 4.3033e-5
0.1 -4 3.404833333333e-5
0.1 -4.2 2.721633333333e-5
0.1 -4.4 2.199366666667e-5
0.1 -4.6 1.839733333333e-5
0.1 -4.8 1.566366666667e-5
0.1 -5 1.350333333333e-5
0.1 -5.2 1.1603e-5
0.1 -5.4 9.798333333333e-6
0.1 -5.6 8.133666666667e-6
0.1 -5.8 6.591133333333e-6
0.1 -6 5.133933333333e-6
0.1 -6.2 3.829466666667e-6
0.1 -6.4 2.715733333333e-6
0.1 -6.6 1.828866666667e-6
0.1 -6.8 1.162513333333e-6
0.1 -7 6.960366666667e-7
0.1 -7.2 4.0505e-7
0.1 -7.4 2.292686666667e-7
0.1 -7.6 1.285423333333e-7
0.1 -7.8 7.6913e-8
0.1 -8 5.4178e-8
0.1 -8.2 4.700466666667e-8
0.1 -8.4 4.788266666667e-8
0.1 -8.6 5.259366666667e-8
0.1 -8.8 5.867766666667e-8
0.1 -9 6.7144e-8
0.2 6 1.913133333333e-4
0.2 5.8 1.9088e-4
0.2 5.6 1.905733333333e-4
0.2 5.4 1.903266666667e-4
0.2 5.2 1.899866666667e-4
0.2 5 1.8952e-4
0.2 4.8 1.890733333333e-4
0.2 4.6 1.8858e-4
0.2 4.4 1.880866666667e-4
0.2 4.2 1.874466666667e-4
0.2 4 1.8696e-4
0.2 3.8 1.864533333333e-4
0.2 3.6 1.857866666667e-4
0.2 3.4 1.852333333333e-4
0.2 3.2 1.8466e-4
0.2 3 1.840733333333e-4
0.2 2.8 1.8348e-4
0.2 2.6 1.828866666667e-4
0.2 2.4 1.822933333333e-4
0.2 2.2 1.817133333333e-4
0.2 2 1.810666666667e-4
0.2 1.8 1.804533333333e-4
0.2 1.6 1.797733333333e-4
0.2 1.4 1.791133333333e-4
0.2 1.2 1.784666666667e-4
0.2 1 1.777866666667e-4
0.2 0.8 1.771666666667e-4
0.2 0.6 1.763733333333e-4
0.2 0.4 1.756466666667e-4
0.2 0.2 1.748533333333e-4
0.2 0 1.741e-4
0.2 -0.2 1.733933333333e-4
0.2 -0.4 1.725133333333e-4
0.2 -0.6 1.716333333333e-4
0.2 -0.8 1.706666666667e-4
0.2 -1 1.697266666667e-4
0.2 -1.2 1.687e-4
0.2 -1.4 1.6758e-4
0.2 -1.6 1.663333333333e-4
0.2 -1.8 1.6498e-4
0.2 -2 1.634733333333e-4
0.2 -2.2 1.615866666667e-4
0.2 -2.4 1.592866666667e-4
0.2 -2.6 1.561933333333e-4
0.2 -2.8 1.507666666667e-4
0.2 -3 1.3742e-4
0.2 -3.2 1.0602e-4
0.2 -3.4 7.202533333333e-5
0.2 -3.6 5.498633333333e-5
0.2 -3.8 4.3033e-5
0.2 -4 3.404833333333e-5
0.2 -4.2 2.721633333333e-5
0.2 -4.4 2.199366666667e-5
0.2 -4.6 1.839733333333e-5
0.2 -4.8 1.566366666667e-5
0.2 -5 1.350333333333e-5
0.2 -5.2 1.1603e-5
0.2 -5.4 9.798333333333e-6
0.2 -5.6 8.133666666667e-6
0.2 -5.8 6.591133333333e-6
0.2 -6 5.133933333333e-6
0.2 -6.2 3.829466666667e-6
0.2 -6.4 2.715733333333e-6
0.2 -6.6 1.828866666667e-6
0.2 -6.8 1.162513333333e-6
0.2 -7 6.960366666667e-7
0.2 -7.2 4.0505e-7
0.2 -7.4 2.292686666667e-7
0.2 -7.6 1.285423333333e-7
0.2 -7.8 7.6913e-8
0.2 -8 5.4178e-8
0.2 -8.2 4.700466666667e-8
0.2 -8.4 4.788266666667e-8
0.2 -8.6 5.259366666667e-8
0.2 -8.8 5.867766666667e-8
0.2 -9 6.7144e-8
0.5 6 1.913133333333e-4
0.5 5.8 1.9088e-4
0.5 5.6 1.905733333333e-4
0.5 5.4 1.903266666667e-4
0.5 5.2 1.899866666667e-4
0.5 5 1.8952e-4
0.5 4.8 1.890733333333e-4
0.5 4.6 1.8858e-4
0.5 4.4 1.880866666667e-4
0.5 4.2 1.874466666667e-4
0.5 4 1.8696e-4
0.5 3.8 1.864533333333e-4
0.5 3.6 1.857866666667e-4
0.5 3.4 1.852333333333e-4
0.5 3.2 1.8466e-4
0.5 3 1.840733333333e-4
0.5 2.8 1.8348e-4
0.5 2.6 1.828866666667e-4
0.5 2.4 1.822933333333e-4
0.5 2.2 1.817133333333e-4
0.5 2 1.810666666667e-4
0.5 1.8 1.804533333333e-4
0.5 1.6 1.797733333333e-4
0.5 1.4 1.791133333333e-4
0.5 1.2 1.784666666667e-4
0.5 1 1.777866666667e-4
0.5 0.8 1.771666666667e-4
0.5 0.6 1.763733333333e-4
0.5 0.4 1.756466666667e-4
0.5 0.2 1.748533333333e-4
0.5 0 1.741e-4
0.5 -0.2 1.733933333333e-4
0.5 -0.4 1.725133333333e-4
0.5 -0.6 1.716333333333e-4
0.5 -0.8 1.706666666667e-4
0.5 -1 1.697266666667e-4
0.5 -1.2 1.687e-4
0.5 -1.4 1.6758e-4
0.5 -1.6 1.663333333333e-4
0.5 -1.8 1.6498e-4
0.5 -2 1.634733333333e-4
0.5 -2.2 1.615866666667e-4
0.5 -2.4 1.592866666667e-4
0.5 -2.6 1.561933333333e-4
0.5 -2.8 1.507666666667e-4
0.5 -3 1.3742e-4
0.5 -3.2 1.0602e-4
0.5 -3.4 7.202533333333e-5
0.5 -3.6 5.498633333333e-5
0.5 -3.8 4.3033e-5
0.5 -4 3.404833333333e-5
0.5 -4.2 2.721633333333e-5
0.5 -4.4 2.199366666667e-5
0.5 -4.6 1.839733333333e-5
0.5 -4.8 1.566366666667e-5
0.5 -5 1.350333333333e-5
0.5 -5.2 1.1603e-5
0.5 -5.4 9.798333333333e-6
0.5 -5.6 8.133666666667e-6
0.5 -5.8 6.591133333333e-6
0.5 -6 5.133933333333e-6
0.5 -6.2 3.829466666667e-6
0.5 -6.4 2.715733333333e-6
0.5 -6.6 1.828866666667e-6
0.5 -6.8 1.162513333333e-6
0.5 -7 6.960366666667e-7
0.5 -7.2 4.0505e-7
0.5 -7.4 2.292686666667e-7
0.5 -7.6 1.285423333333e-7
0.5 -7.8 7.6913e-8
0.5 -8 5.4178e-8
0.5 -8.2 4.700466666667e-8
0.5 -8.4 4.788266666667e-8
0.5 -8.6 5.259366666667e-8
0.5 -8.8 5.867766666667e-8
0.5 -9 6.7144e-8
1 6 1.913133333333e-4
1 5.8 1.9088e-4
1 5.6 1.905733333333e-4
1 5.4 1.903266666667e-4
1 5.2 1.899866666667e-4
1 5 1.8952e-4
1 4.8 1.890733333333e-4
1 4.6 1.8858e-4
1 4.4 1.880866666667e-4
1 4.2 1.874466666667e-4
1 4 1.8696e-4
1 3.8 1.864533333333e-4
1 3.6 1.857866666667e-4
1 3.4 1.852333333333e-4
1 3.2 1.8466e-4
1 3 1.840733333333e-4
1 2.8 1.8348e-4
1 2.6 1.828866666667e-4
1 2.4 1.822933333333e-4
1 2.2 1.817133333333e-4
1 2 1.810666666667e-4
1 1.8 1.804533333333e-4
1 1.6 1.797733333333e-4
1 1.4 1.791133333333e-4
1 1.2 1.784666666667e-4
1 1 1.777866666667e-4
1 0.8 1.771666666667e-4
1 0.6 1.763733333333e-4
1 0.4 1.756466666667e-4
1 0.2 1.748533333333e-4
1 0 1.741e-4
1 -0.2 1.733933333333e-4
1 -0.4 1.725133333333e-4
1 -0.6 1.716333333333e-4
1 -0.8 1.706666666667e-4
1 -1 1.697266666667e-4
1 -1.2 1.687e-4
1 -1.4 1.6758e-4
1 -1.6 1.663333333333e-4
1 -1.8 1.6498e-4
1 -2 1.634733333333e-4
1 -2.2 1.615866666667e-4
1 -2.4 1.592866666667e-4
1 -2.6 1.561933333333e-4
1 -2.8 1.507666666667e-4
1 -3 1.3742e-4
1 -3.2 1.0602e-4
1 -3.4 7.202533333333e-5
1 -3.6 5.498633333333e-5
1 -3.8 4.3033e-5
1 -4 3.404833333333e-5
1 -4.2 2.721633333333e-5
1 -4.4 2.199366666667e-5
1 -4.6 1.839733333333e-5
1 -4.8 1.566366666667e-5
1 -5 1.350333333333e-5
1 -5.2 1.1603e-5
1 -5.4 9.798333333333e-6
1 -5.6 8.133666666667e-6
1 -5.8 6.591133333333e-6
1 -6 5.133933333333e-6
1 -6.2 3.829466666667e-6
1 -6.4 2.715733333333e-6
1 -6.6 1.828866666667e-6
1 -6.8 1.162513333333e-6
1 -7 6.960366666667e-7
1 -7.2 4.0505e-7
1 -7.4 2.292686666667e-7
1 -7.6 1.285423333333e-7
1 -7.8 7.6913e-8
1 -8 5.4178e-8
1 -8.2 4.700466666667e-8
1 -8.4 4.788266666667e-8
1 -8.6 5.259366666667e-8
1 -8.8 5.867766666667e-8
1 -9 6.7144e-8
