0.1 -7 6.9285774949e-6
0.1 -6.769 7.556599145563e-6
0.1 -6.538 8.277691438815e-6
0.1 -6.307 9.089928354818e-6
0.1 -6.076 9.988690800053e-6
0.1 -5.845 1.097101397631e-5
0.1 -5.614 1.204807809581e-5
0.1 -5.383 1.324006746936e-5
0.1 -5.152 1.454369904853e-5
0.1 -4.921 1.596613568698e-5
0.1 -4.69 1.754210987207e-5
0.1 -4.459 1.92730798162e-5
0.1 -4.228 2.120232011499e-5
0.1 -3.997 2.332383862801e-5
0.1 -3.766 2.566951704443e-5
0.1 -3.535 2.826558080779e-5
0.1 -3.304 3.110719031044e-5
0.1 -3.073 3.419703091716e-5
0.1 -2.842 3.751552323824e-5
0.1 -2.611 4.098417803433e-5
0.1 -2.38 4.459924403523e-5
0.1 -2.149 4.833746789893e-5
0.1 -1.918 5.208998533455e-5
0.1 -1.687 5.581924694977e-5
0.1 -1.456 5.956636277473e-5
0.1 -1.225 6.330383196278e-5
0.1 -0.994 6.698455692039e-5
0.1 -0.763 7.056613907144e-5
0.1 -0.532 7.408052255657e-5
0.1 -0.301 7.746524958719e-5
0.1 -0.07 8.077964912241e-5
0.1 0.161 8.397701243604e-5
0.1 0.392 8.719218537437e-5
0.1 0.623 9.023535286639e-5
0.1 0.854 9.330808136584e-5
0.1 1.085 9.620104264678e-5
0.1 1.316 9.913795864757e-5
0.1 1.547 1.021316546519e-4
0.1 1.778 1.051912107397e-4
0.1 2.009 1.080970737736e-4
0.1 2.24 1.112144024741e-4
0.1 2.471 1.147672142953e-4
0.1 2.702 1.18355877493e-4
0.1 2.933 1.221340786133e-4
0.1 3.164 1.266325410885e-4
0.1 3.395 1.322353835104e-4
0.1 3.626 1.391748182704e-4
0.1 3.857 1.473295237515e-4
0.1 4.088 1.593488058231e-4
0.1 4.319 1.72764889479e-4
0.1 4.55 1.8278493576e-4
0.1 4.781 1.865427819153e-4
0.1 5.012 1.891168659377e-4
0.1 5.243 1.903492173996e-4
0.1 5.474 1.914405276702e-4
0.1 5.705 1.916163008683e-4
0.1 5.936 1.92622312406e-4
0.1 6 1.930090909091e-4
0.2 -7 6.9285774949e-6
0.2 -6.769 7.556599145563e-6
0.2 -6.538 8.277691438815e-6
0.2 -6.307 9.089928354818e-6
0.2 -6.076 9.988690800053e-6
0.2 -5.845 1.097101397631e-5
0.2 -5.614 1.204807809581e-5
0.2 -5.383 1.324006746936e-5
0.2 -5.152 1.454369904853e-5
0.2 -4.921 1.596613568698e-5
0.2 -4.69 1.754210987207e-5
0.2 -4.459 1.92730798162e-5
0.2 -4.228 2.120232011499e-5
0.2 -3.997 2.332383862801e-5
0.2 -3.766 2.566951704443e-5
0.2 -3.535 2.826558080779e-5
0.2 -3.304 3.110719031044e-5
0.2 -3.073 3.419703091716e-5
0.2 -2.842 3.751552323824e-5
0.2 -2.611 4.098417803433e-5
0.2 -2.38 4.459924403523e-5
0.2 -2.149 4.833746789893e-5
0.2 -1.918 5.208998533455e-5
0.2 -1.687 5.581924694977e-5
0.2 -1.456 5.956636277473e-5
0.2 -1.225 6.330383196278e-5
0.2 -0.994 6.698455692039e-5
0.2 -0.763 7.056613907144e-5
0.2 -0.532 7.408052255657e-5
0.2 -0.301 7.746524958719e-5
0.2 -0.07 8.077964912241e-5
0.2 0.161 8.397701243604e-5
0.2 0.392 8.719218537437e-5
0.2 0.623 9.023535286639e-5
0.2 0.854 9.330808136584e-5
0.2 1.085 9.620104264678e-5
0.2 1.316 9.913795864757e-5
0.2 1.547 1.021316546519e-4
0.2 1.778 1.051912107397e-4
0.2 2.009 1.080970737736e-4
0.2 2.24 1.112144024741e-4
0.2 2.471 1.147672142953e-4
0.2 2.702 1.18355877493e-4
0.2 2.933 1.221340786133e-4
0.2 3.164 1.266325410885e-4
0.2 3.395 1.322353835104e-4
0.2 3.626 1.391748182704e-4
0.2 3.857 1.473295237515e-4
0.2 4.088 1.593488058231e-4
0.2 4.319 1.72764889479e-4
0.2 4.55 1.8278493576e-4
0.2 4.781 1.865427819153e-4
0.2 5.012 1.891168659377e-4
0.2 5.243 1.903492173996e-4
0.2 5.474 1.914405276702e-4
0.2 5.705 1.916163008683e-4
0.2 5.936 1.92622312406e-4
0.2 6 1.930090909091e-4
0.5 -7 6.9285774949e-6
0.5 -6.769 7.556599145563e-6
0.5 -6.538 8.277691438815e-6
0.5 -6.307 9.089928354818e-6
0.5 -6.076 9.988690800053e-6
0.5 -5.845 1.097101397631e-5
0.5 -5.614 1.204807809581e-5
0.5 -5.383 1.324006746936e-5
0.5 -5.152 1.454369904853e-5
0.5 -4.921 1.596613568698e-5
0.5 -4.69 1.754210987207e-5
0.5 -4.459 1.92730798162e-5
0.5 -4.228 2.120232011499e-5
0.5 -3.997 2.332383862801e-5
0.5 -3.766 2.566951704443e-5
0.5 -3.535 2.826558080779e-5
0.5 -3.304 3.110719031044e-5
0.5 -3.073 3.419703091716e-5
0.5 -2.842 3.751552323824e-5
0.5 -2.611 4.098417803433e-5
0.5 -2.38 4.459924403523e-5
0.5 -2.149 4.833746789893e-5
0.5 -1.918 5.208998533455e-5
0.5 -1.687 5.581924694977e-5
0.5 -1.456 5.956636277473e-5
0.5 -1.225 6.330383196278e-5
0.5 -0.994 6.698455692039e-5
0.5 -0.763 7.056613907144e-5
0.5 -0.532 7.408052255657e-5
0.5 -0.301 7.746524958719e-5
0.5 -0.07 8.077964912241e-5
0.5 0.161 8.397701243604e-5
0.5 0.392 8.719218537437e-5
0.5 0.623 9.023535286639e-5
0.5 0.854 9.330808136584e-5
0.5 1.085 9.620104264678e-5
0.5 1.316 9.913795864757e-5
0.5 1.547 1.021316546519e-4
0.5 1.778 1.051912107397e-4
0.5 2.009 1.080970737736e-4
0.5 2.24 1.112144024741e-4
0.5 2.471 1.147672142953e-4
0.5 2.702 1.18355877493e-4
0.5 2.933 1.221340786133e-4
0.5 3.164 1.266325410885e-4
0.5 3.395 1.322353835104e-4
0.5 3.626 1.391748182704e-4
0.5 3.857 1.473295237515e-4
0.5 4.088 1.593488058231e-4
0.5 4.319 1.72764889479e-4
0.5 4.55 1.8278493576e-4
0.5 4.781 1.865427819153e-4
0.5 5.012 1.891168659377e-4
0.5 5.243 1.903492173996e-4
0.5 5.474 1.914405276702e-4
0.5 5.705 1.916163008683e-4
0.5 5.936 1.92622312406e-4
0.5 6 1.930090909091e-4
1 -7 6.9285774949e-6
1 -6.769 7.556599145563e-6
1 -6.538 8.277691438815e-6
1 -6.307 9.089928354818e-6
1 -6.076 9.988690800053e-6
1 -5.845 1.097101397631e-5
1 -5.614 1.204807809581e-5
1 -5.383 1.324006746936e-5
1 -5.152 1.454369904853e-5
1 -4.921 1.596613568698e-5
1 -4.69 1.754210987207e-5
1 -4.459 1.92730798162e-5
1 -4.228 2.120232011499e-5
1 -3.997 2.332383862801e-5
1 -3.766 2.566951704443e-5
1 -3.535 2.826558080779e-5
1 -3.304 3.110719031044e-5
1 -3.073 3.419703091716e-5
1 -2.842 3.751552323824e-5
1 -2.611 4.098417803433e-5
1 -2.38 4.459924403523e-5
1 -2.149 4.833746789893e-5
1 -1.918 5.208998533455e-5
1 -1.687 5.581924694977e-5
1 -1.456 5.956636277473e-5
1 -1.225 6.330383196278e-5
1 -0.994 6.698455692039e-5
1 -0.763 7.056613907144e-5
1 -0.532 7.408052255657e-5
1 -0.301 7.746524958719e-5
1 -0.07 8.077964912241e-5
1 0.161 8.397701243604e-5
1 0.392 8.719218537437e-5
1 0.623 9.023535286639e-5
1 0.854 9.330808136584e-5
1 1.085 9.620104264678e-5
1 1.316 9.913795864757e-5
1 1.547 1.021316546519e-4
1 1.778 1.051912107397e-4
1 2.009 1.080970737736e-4
1 2.24 1.112144024741e-4
1 2.471 1.147672142953e-4
1 2.702 1.18355877493e-4
1 2.933 1.221340786133e-4
1 3.164 1.266325410885e-4
1 3.395 1.322353835104e-4
1 3.626 1.391748182704e-4
1 3.857 1.473295237515e-4
1 4.088 1.593488058231e-4
1 4.319 1.72764889479e-4
1 4.55 1.8278493576e-4
1 4.781 1.865427819153e-4
1 5.012 1.891168659377e-4
1 5.243 1.903492173996e-4
1 5.474 1.914405276702e-4
1 5.705 1.916163008683e-4
1 5.936 1.92622312406e-4
1 6 1.930090909091e-4
