0.1 6 1.927e-4
0.1 5.936 1.927667457043e-4
0.1 5.705 1.93005971272e-4
0.1 5.474 1.930872190735e-4
0.1 5.243 1.929092420439e-4
0.1 5.012 1.924224890836e-4
0.1 4.781 1.921824366543e-4
0.1 4.55 1.920277303198e-4
0.1 4.319 1.913526709556e-4
0.1 4.088 1.906664606571e-4
0.1 3.857 1.909627759482e-4
0.1 3.626 1.906887824393e-4
0.1 3.395 1.901653143737e-4
0.1 3.164 1.898757505768e-4
0.1 2.933 1.896442304542e-4
0.1 2.702 1.896384671703e-4
0.1 2.471 1.889329674359e-4
0.1 2.24 1.885232167219e-4
0.1 2.009 1.886292843289e-4
0.1 1.778 1.883354880302e-4
0.1 1.547 1.881908127909e-4
0.1 1.316 1.878177071275e-4
0.1 1.085 1.870000949669e-4
0.1 0.854 1.864327459011e-4
0.1 0.623 1.861368946842e-4
0.1 0.392 1.854854040283e-4
0.1 0.161 1.853482928512e-4
0.1 -0.07 1.847550817687e-4
0.1 -0.301 1.845862760251e-4
0.1 -0.532 1.841812363185e-4
0.1 -0.763 1.833183405153e-4
0.1 -0.994 1.832219336206e-4
0.1 -1.225 1.827530069848e-4
0.1 -1.456 1.820044205106e-4
0.1 -1.687 1.812800916697e-4
0.1 -1.918 1.800515942279e-4
0.1 -2.149 1.792564681798e-4
0.1 -2.38 1.780731202336e-4
0.1 -2.611 1.765041643352e-4
0.1 -2.842 1.7368698347e-4
0.1 -3.073 1.690982850837e-4
0.1 -3.304 1.577752262111e-4
0.1 -3.535 1.334325345629e-4
0.1 -3.766 1.009000166244e-4
0.1 -3.997 7.886130427795e-5
0.1 -4.228 6.452664905085e-5
0.1 -4.459 5.400465072967e-5
0.1 -4.69 4.588515501024e-5
0.1 -4.921 3.935233635988e-5
0.1 -5.152 3.391915458994e-5
0.1 -5.383 2.931456663706e-5
0.1 -5.614 2.535167356497e-5
0.1 -5.845 2.181340457458e-5
0.1 -6.076 1.864732175912e-5
0.1 -6.307 1.577821659547e-5
0.1 -6.538 1.322915630467e-5
0.1 -6.769 1.100613420747e-5
0.1 -7 9.097522489757e-6
0.2 6 1.927e-4
0.2 5.936 1.927667457043e-4
0.2 5.705 1.93005971272e-4
0.2 5.474 1.930872190735e-4
0.2 5.243 1.929092420439e-4
0.2 5.012 1.924224890836e-4
0.2 4.781 1.921824366543e-4
0.2 4.55 1.920277303198e-4
0.2 4.319 1.913526709556e-4
0.2 4.088 1.906664606571e-4
0.2 3.857 1.909627759482e-4
0.2 3.626 1.906887824393e-4
0.2 3.395 1.901653143737e-4
0.2 3.164 1.898757505768e-4
0.2 2.933 1.896442304542e-4
0.2 2.702 1.896384671703e-4
0.2 2.471 1.889329674359e-4
0.2 2.24 1.885232167219e-4
0.2 2.009 1.886292843289e-4
0.2 1.778 1.883354880302e-4
0.2 1.547 1.881908127909e-4
0.2 1.316 1.878177071275e-4
0.2 1.085 1.870000949669e-4
0.2 0.854 1.864327459011e-4
0.2 0.623 1.861368946842e-4
0.2 0.392 1.854854040283e-4
0.2 0.161 1.853482928512e-4
0.2 -0.07 1.847550817687e-4
0.2 -0.301 1.845862760251e-4
0.2 -0.532 1.841812363185e-4
0.2 -0.763 1.833183405153e-4
0.2 -0.994 1.832219336206e-4
0.2 -1.225 1.827530069848e-4
0.2 -1.456 1.820044205106e-4
0.2 -1.687 1.812800916697e-4
0.2 -1.918 1.800515942279e-4
0.2 -2.149 1.792564681798e-4
0.2 -2.38 1.780731202336e-4
0.2 -2.611 1.765041643352e-4
0.2 -2.842 1.7368698347e-4
0.2 -3.073 1.690982850837e-4
0.2 -3.304 1.577752262111e-4
0.2 -3.535 1.334325345629e-4
0.2 -3.766 1.009000166244e-4
0.2 -3.997 7.886130427795e-5
0.2 -4.228 6.452664905085e-5
0.2 -4.459 5.400465072967e-5
0.2 -4.69 4.588515501024e-5
0.2 -4.921 3.935233635988e-5
0.2 -5.152 3.391915458994e-5
0.2 -5.383 2.931456663706e-5
0.2 -5.614 2.535167356497e-5
0.2 -5.845 2.181340457458e-5
0.2 -6.076 1.864732175912e-5
0.2 -6.307 1.577821659547e-5
0.2 -6.538 1.322915630467e-5
0.2 -6.769 1.100613420747e-5
0.2 -7 9.097522489757e-6
0.5 6 1.927e-4
0.5 5.936 1.927667457043e-4
0.5 5.705 1.93005971272e-4
0.5 5.474 1.930872190735e-4
0.5 5.243 1.929092420439e-4
0.5 5.012 1.924224890836e-4
0.5 4.781 1.921824366543e-4
0.5 4.55 1.920277303198e-4
0.5 4.319 1.913526709556e-4
0.5 4.088 1.906664606571e-4
0.5 3.857 1.909627759482e-4
0.5 3.626 1.906887824393e-4
0.5 3.395 1.901653143737e-4
0.5 3.164 1.898757505768e-4
0.5 2.933 1.896442304542e-4
0.5 2.702 1.896384671703e-4
0.5 2.471 1.889329674359e-4
0.5 2.24 1.885232167219e-4
0.5 2.009 1.886292843289e-4
0.5 1.778 1.883354880302e-4
0.5 1.547 1.881908127909e-4
0.5 1.316 1.878177071275e-4
0.5 1.085 1.870000949669e-4
0.5 0.854 1.864327459011e-4
0.5 0.623 1.861368946842e-4
0.5 0.392 1.854854040283e-4
0.5 0.161 1.853482928512e-4
0.5 -0.07 1.847550817687e-4
0.5 -0.301 1.845862760251e-4
0.5 -0.532 1.841812363185e-4
0.5 -0.763 1.833183405153e-4
0.5 -0.994 1.832219336206e-4
0.5 -1.225 1.827530069848e-4
0.5 -1.456 1.820044205106e-4
0.5 -1.687 1.812800916697e-4
0.5 -1.918 1.800515942279e-4
0.5 -2.149 1.792564681798e-4
0.5 -2.38 1.780731202336e-4
0.5 -2.611 1.765041643352e-4
0.5 -2.842 1.7368698347e-4
0.5 -3.073 1.690982850837e-4
0.5 -3.304 1.577752262111e-4
0.5 -3.535 1.334325345629e-4
0.5 -3.766 1.009000166244e-4
0.5 -3.997 7.886130427795e-5
0.5 -4.228 6.452664905085e-5
0.5 -4.459 5.400465072967e-5
0.5 -4.69 4.588515501024e-5
0.5 -4.921 3.935233635988e-5
0.5 -5.152 3.391915458994e-5
0.5 -5.383 2.931456663706e-5
0.5 -5.614 2.535167356497e-5
0.5 -5.845 2.181340457458e-5
0.5 -6.076 1.864732175912e-5
0.5 -6.307 1.577821659547e-5
0.5 -6.538 1.322915630467e-5
0.5 -6.769 1.100613420747e-5
0.5 -7 9.097522489757e-6
1 6 1.927e-4
1 5.936 1.927667457043e-4
1 5.705 1.93005971272e-4
1 5.474 1.930872190735e-4
1 5.243 1.929092420439e-4
1 5.012 1.924224890836e-4
1 4.781 1.921824366543e-4
1 4.55 1.920277303198e-4
1 4.319 1.913526709556e-4
1 4.088 1.906664606571e-4
1 3.857 1.909627759482e-4
1 3.626 1.906887824393e-4
1 3.395 1.901653143737e-4
1 3.164 1.898757505768e-4
1 2.933 1.896442304542e-4
1 2.702 1.896384671703e-4
1 2.471 1.889329674359e-4
1 2.24 1.885232167219e-4
1 2.009 1.886292843289e-4
1 1.778 1.883354880302e-4
1 1.547 1.881908127909e-4
1 1.316 1.878177071275e-4
1 1.085 1.870000949669e-4
1 0.854 1.864327459011e-4
1 0.623 1.861368946842e-4
1 0.392 1.854854040283e-4
1 0.161 1.853482928512e-4
1 -0.07 1.847550817687e-4
1 -0.301 1.845862760251e-4
1 -0.532 1.841812363185e-4
1 -0.763 1.833183405153e-4
1 -0.994 1.832219336206e-4
1 -1.225 1.827530069848e-4
1 -1.456 1.820044205106e-4
1 -1.687 1.812800916697e-4
1 -1.918 1.800515942279e-4
1 -2.149 1.792564681798e-4
1 -2.38 1.780731202336e-4
1 -2.611 1.765041643352e-4
1 -2.842 1.7368698347e-4
1 -3.073 1.690982850837e-4
1 -3.304 1.577752262111e-4
1 -3.535 1.334325345629e-4
1 -3.766 1.009000166244e-4
1 -3.997 7.886130427795e-5
1 -4.228 6.452664905085e-5
1 -4.459 5.400465072967e-5
1 -4.69 4.588515501024e-5
1 -4.921 3.935233635988e-5
1 -5.152 3.391915458994e-5
1 -5.383 2.931456663706e-5
1 -5.614 2.535167356497e-5
1 -5.845 2.181340457458e-5
1 -6.076 1.864732175912e-5
1 -6.307 1.577821659547e-5
1 -6.538 1.322915630467e-5
1 -6.769 1.100613420747e-5
1 -7 9.097522489757e-6
