0.1 -9 6.498533333333e-8
0.1 -8.8 5.8334e-8
0.1 -8.6 5.143166666667e-8
0.1 -8.4 4.554666666667e-8
0.1 -8.2 4.007466666667e-8
0.1 -8 3.842e-8
0.1 -7.8 4.023933333333e-8
0.1 -7.6 4.807766666667e-8
0.1 -7.4 6.4343e-8
0.1 -7.2 9.007366666667e-8
0.1 -7 1.3289e-7
0.1 -6.8 1.97112e-7
0.1 -6.6 2.90234e-7
0.1 -6.4 4.200526666667e-7
0.1 -6.2 5.926426666667e-7
0.1 -6 8.12264e-7
0.1 -5.8 1.091682e-6
0.1 -5.6 1.4194e-6
0.1 -5.4 1.82e-6
0.1 -5.2 2.271733333333e-6
0.1 -5 2.7822e-6
0.1 -4.8 3.348066666667e-6
0.1 -4.6 3.970266666667e-6
0.1 -4.4 4.655466666667e-6
0.1 -4.2 5.409066666667e-6
0.1 -4 6.2406e-6
0.1 -3.8 7.1614e-6
0.1 -3.6 8.191666666667e-6
0.1 -3.4 9.372133333333e-6
0.1 -3.2 1.070826666667e-5
0.1 -3 1.2194e-5
0.1 -2.8 1.388166666667e-5
0.1 -2.6 1.566266666667e-5
0.1 -2.4 1.751333333333e-5
0.1 -2.2 1.941433333333e-5
0.1 -2 2.1402e-5
0.1 -1.8 2.3368e-5
0.1 -1.6 2.532566666667e-5
0.1 -1.4 2.732933333333e-5
0.1 -1.2 2.9362e-5
0.1 -1 3.131133333333e-5
0.1 -0.8 3.3238e-5
0.1 -0.6 3.517966666667e-5
0.1 -0.4 3.7229e-5
0.1 -0.2 3.9124e-5
0.1 0 4.112633333333e-5
0.1 0.2 4.3077e-5
0.1 0.4 4.505533333333e-5
0.1 0.6 4.712233333333e-5
0.1 0.8 4.922433333333e-5
0.1 1 5.135566666667e-5
0.1 1.2 5.354466666667e-5
0.1 1.4 5.5831e-5
0.1 1.6 5.816733333333e-5
0.1 1.8 6.062066666667e-5
0.1 2 6.316966666667e-5
0.1 2.2 6.586033333333e-5
0.1 2.4 6.8708e-5
0.1 2.6 7.172766666667e-5
0.1 2.8 7.4992e-5
0.1 3 7.862e-5
0.1 3.2 8.299633333333e-5
0.1 3.4 8.964366666667e-5
0.1 3.6 1.051333333333e-4
0.1 3.8 1.442333333333e-4
0.1 4 1.6134e-4
0.1 4.2 1.687e-4
0.1 4.4 1.728666666667e-4
0.1 4.6 1.76e-4
0.1 4.8 1.7864e-4
0.1 5 1.811e-4
0.1 5.2 1.8342e-4
0.1 5.4 1.856666666667e-4
0.1 5.6 1.8752e-4
0.1 5.8 1.890666666667e-4
0.1 6 1.9096e-4
0.2 -9 6.498533333333e-8
0.2 -8.8 5.8334e-8
0.2 -8.6 5.143166666667e-8
0.2 -8.4 4.554666666667e-8
0.2 -8.2 4.007466666667e-8
0.2 -8 3.842e-8
0.2 -7.8 4.023933333333e-8
0.2 -7.6 4.807766666667e-8
0.2 -7.4 6.4343e-8
0.2 -7.2 9.007366666667e-8
0.2 -7 1.3289e-7
0.2 -6.8 1.97112e-7
0.2 -6.6 2.90234e-7
0.2 -6.4 4.200526666667e-7
0.2 -6.2 5.926426666667e-7
0.2 -6 8.12264e-7
0.2 -5.8 1.091682e-6
0.2 -5.6 1.4194e-6
0.2 -5.4 1.82e-6
0.2 -5.2 2.271733333333e-6
0.2 -5 2.7822e-6
0.2 -4.8 3.348066666667e-6
0.2 -4.6 3.970266666667e-6
0.2 -4.4 4.655466666667e-6
0.2 -4.2 5.409066666667e-6
0.2 -4 6.2406e-6
0.2 -3.8 7.1614e-6
0.2 -3.6 8.191666666667e-6
0.2 -3.4 9.372133333333e-6
0.2 -3.2 1.070826666667e-5
0.2 -3 1.2194e-5
0.2 -2.8 1.388166666667e-5
0.2 -2.6 1.566266666667e-5
0.2 -2.4 1.751333333333e-5
0.2 -2.2 1.941433333333e-5
0.2 -2 2.1402e-5
0.2 -1.8 2.3368e-5
0.2 -1.6 2.532566666667e-5
0.2 -1.4 2.732933333333e-5
0.2 -1.2 2.9362e-5
0.2 -1 3.131133333333e-5
0.2 -0.8 3.3238e-5
0.2 -0.6 3.517966666667e-5
0.2 -0.4 3.7229e-5
0.2 -0.2 3.9124e-5
0.2 0 4.112633333333e-5
0.2 0.2 4.3077e-5
0.2 0.4 4.505533333333e-5
0.2 0.6 4.712233333333e-5
0.2 0.8 4.922433333333e-5
0.2 1 5.135566666667e-5
0.2 1.2 5.354466666667e-5
0.2 1.4 5.5831e-5
0.2 1.6 5.816733333333e-5
0.2 1.8 6.062066666667e-5
0.2 2 6.316966666667e-5
0.2 2.2 6.586033333333e-5
0.2 2.4 6.8708e-5
0.2 2.6 7.172766666667e-5
0.2 2.8 7.4992e-5
0.2 3 7.862e-5
0.2 3.2 8.299633333333e-5
0.2 3.4 8.964366666667e-5
0.2 3.6 1.051333333333e-4
0.2 3.8 1.442333333333e-4
0.2 4 1.6134e-4
0.2 4.2 1.687e-4
0.2 4.4 1.728666666667e-4
0.2 4.6 1.76e-4
0.2 4.8 1.7864e-4
0.2 5 1.811e-4
0.2 5.2 1.8342e-4
0.2 5.4 1.856666666667e-4
0.2 5.6 1.8752e-4
0.2 5.8 1.890666666667e-4
0.2 6 1.9096e-4
0.5 -9 6.498533333333e-8
0.5 -8.8 5.8334e-8
0.5 -8.6 5.143166666667e-8
0.5 -8.4 4.554666666667e-8
0.5 -8.2 4.007466666667e-8
0.5 -8 3.842e-8
0.5 -7.8 4.023933333333e-8
0.5 -7.6 4.807766666667e-8
0.5 -7.4 6.4343e-8
0.5 -7.2 9.007366666667e-8
0.5 -7 1.3289e-7
0.5 -6.8 1.97112e-7
0.5 -6.6 2.90234e-7
0.5 -6.4 4.200526666667e-7
0.5 -6.2 5.926426666667e-7
0.5 -6 8.12264e-7
0.5 -5.8 1.091682e-6
0.5 -5.6 1.4194e-6
0.5 -5.4 1.82e-6
0.5 -5.2 2.271733333333e-6
0.5 -5 2.7822e-6
0.5 -4.8 3.348066666667e-6
0.5 -4.6 3.970266666667e-6
0.5 -4.4 4.655466666667e-6
0.5 -4.2 5.409066666667e-6
0.5 -4 6.2406e-6
0.5 -3.8 7.1614e-6
0.5 -3.6 8.191666666667e-6
0.5 -3.4 9.372133333333e-6
0.5 -3.2 1.070826666667e-5
0.5 -3 1.2194e-5
0.5 -2.8 1.388166666667e-5
0.5 -2.6 1.566266666667e-5
0.5 -2.4 1.751333333333e-5
0.5 -2.2 1.941433333333e-5
0.5 -2 2.1402e-5
0.5 -1.8 2.3368e-5
0.5 -1.6 2.532566666667e-5
0.5 -1.4 2.732933333333e-5
0.5 -1.2 2.9362e-5
0.5 -1 3.131133333333e-5
0.5 -0.8 3.3238e-5
0.5 -0.6 3.517966666667e-5
0.5 -0.4 3.7229e-5
0.5 -0.2 3.9124e-5
0.5 0 4.112633333333e-5
0.5 0.2 4.3077e-5
0.5 0.4 4.505533333333e-5
0.5 0.6 4.712233333333e-5
0.5 0.8 4.922433333333e-5
0.5 1 5.135566666667e-5
0.5 1.2 5.354466666667e-5
0.5 1.4 5.5831e-5
0.5 1.6 5.816733333333e-5
0.5 1.8 6.062066666667e-5
0.5 2 6.316966666667e-5
0.5 2.2 6.586033333333e-5
0.5 2.4 6.8708e-5
0.5 2.6 7.172766666667e-5
0.5 2.8 7.4992e-5
0.5 3 7.862e-5
0.5 3.2 8.299633333333e-5
0.5 3.4 8.964366666667e-5
0.5 3.6 1.051333333333e-4
0.5 3.8 1.442333333333e-4
0.5 4 1.6134e-4
0.5 4.2 1.687e-4
0.5 4.4 1.728666666667e-4
0.5 4.6 1.76e-4
0.5 4.8 1.7864e-4
0.5 5 1.811e-4
0.5 5.2 1.8342e-4
0.5 5.4 1.856666666667e-4
0.5 5.6 1.8752e-4
0.5 5.8 1.890666666667e-4
0.5 6 1.9096e-4
1 -9 6.498533333333e-8
1 -8.8 5.8334e-8
1 -8.6 5.143166666667e-8
1 -8.4 4.554666666667e-8
1 -8.2 4.007466666667e-8
1 -8 3.842e-8
1 -7.8 4.023933333333e-8
1 -7.6 4.807766666667e-8
1 -7.4 6.4343e-8
1 -7.2 9.007366666667e-8
1 -7 1.3289e-7
1 -6.8 1.97112e-7
1 -6.6 2.90234e-7
1 -6.4 4.200526666667e-7
1 -6.2 5.926426666667e-7
1 -6 8.12264e-7
1 -5.8 1.091682e-6
1 -5.6 1.4194e-6
1 -5.4 1.82e-6
1 -5.2 2.271733333333e-6
1 -5 2.7822e-6
1 -4.8 3.348066666667e-6
1 -4.6 3.970266666667e-6
1 -4.4 4.655466666667e-6
1 -4.2 5.409066666667e-6
1 -4 6.2406e-6
1 -3.8 7.1614e-6
1 -3.6 8.191666666667e-6
1 -3.4 9.372133333333e-6
1 -3.2 1.070826666667e-5
1 -3 1.2194e-5
1 -2.8 1.388166666667e-5
1 -2.6 1.566266666667e-5
1 -2.4 1.751333333333e-5
1 -2.2 1.941433333333e-5
1 -2 2.1402e-5
1 -1.8 2.3368e-5
1 -1.6 2.532566666667e-5
1 -1.4 2.732933333333e-5
1 -1.2 2.9362e-5
1 -1 3.131133333333e-5
1 -0.8 3.3238e-5
1 -0.6 3.517966666667e-5
1 -0.4 3.7229e-5
1 -0.2 3.9124e-5
1 0 4.112633333333e-5
1 0.2 4.3077e-5
1 0.4 4.505533333333e-5
1 0.6 4.712233333333e-5
1 0.8 4.922433333333e-5
1 1 5.135566666667e-5
1 1.2 5.354466666667e-5
1 1.4 5.5831e-5
1 1.6 5.816733333333e-5
1 1.8 6.062066666667e-5
1 2 6.316966666667e-5
1 2.2 6.586033333333e-5
1 2.4 6.8708e-5
1 2.6 7.172766666667e-5
1 2.8 7.4992e-5
1 3 7.862e-5
1 3.2 8.299633333333e-5
1 3.4 8.964366666667e-5
1 3.6 1.051333333333e-4
1 3.8 1.442333333333e-4
1 4 1.6134e-4
1 4.2 1.687e-4
1 4.4 1.728666666667e-4
1 4.6 1.76e-4
1 4.8 1.7864e-4
1 5 1.811e-4
1 5.2 1.8342e-4
1 5.4 1.856666666667e-4
1 5.6 1.8752e-4
1 5.8 1.890666666667e-4
1 6 1.9096e-4
