-4 4.5e-11
-3.8 4.05e-11
-3.6 2.75e-11
-3.4 2.7e-11
-3.2 2.9e-11
-3 2.7e-11
-2.8 1.9e-11
-2.6 1.45e-11
-2.4 7.5e-12
-2.2 1.45e-11
-2 2.05e-11
-1.8 1.55e-11
-1.6 1.1e-11
-1.4 9.5e-12
-1.2 9.5e-12
-1 7e-12
-0.8 5e-12
-0.6 1.15e-11
-0.4 1.05e-11
-0.2 1.05e-11
0 1.8e-11
0.2 1.65e-11
0.4 7e-11
0.6 7.815e-10
0.8 4.171e-9
1 1.3619e-8
1.2 3.41845e-8
1.4 7.7581e-8
1.6 1.80349e-7
1.8 4.47744e-7
2 1.03435e-6
2.2 2.0932e-6
2.4 3.6849e-6
2.6 5.8092e-6
2.8 8.4249e-6
3 1.14275e-5
3.2 1.4836e-5
3.4 1.85155e-5
3.6 2.2414e-5
3.8 2.64765e-5
4 3.06545e-5
