-4 4.05e-11
-3.8 3.25e-11
-3.6 2.75e-11
-3.4 3.05e-11
-3.2 2.65e-11
-3 1.5e-11
-2.8 1.75e-11
-2.6 1.15e-11
-2.4 9.5e-12
-2.2 4e-12
-2 9.5e-12
-1.8 6.5e-12
-1.6 1e-12
-1.4 1.15e-11
-1.2 1.25e-11
-1 6e-12
-0.8 3.5e-12
-0.6 2e-12
-0.4 4e-12
-0.2 4.5e-12
0 7e-12
0.2 2.5e-12
0.4 3.2e-11
0.6 5.78e-10
0.8 3.671e-9
1 1.2662e-8
1.2 3.27465e-8
1.4 7.50555e-8
1.6 1.77179e-7
1.8 4.46021e-7
2 1.045109e-6
2.2 2.1213e-6
2.4 3.7393e-6
2.6 5.8898e-6
2.8 8.5324e-6
3 1.1566e-5
3.2 1.49925e-5
3.4 1.86875e-5
3.6 2.2595e-5
3.8 2.66455e-5
4 3.08195e-5
