0 0 0
1e-6 0.1 0
1e-5 0.1 0
1.1e-5 0.1 2
1.11e-4 0.1 2
1.12e-4 0.1 0
1.13e-4 0.1 0
1.14e-4 0 0
0.001 0 0
0.001001 0.1 0
0.00101 0.1 0
0.001011 0.1 2
0.001111 0.1 2
0.001112 0.1 0
0.001113 0.1 0
0.001114 0 0
0.002 0 0
0.002001 0.1 0
0.00201 0.1 0
0.002011 0.1 2
0.002111 0.1 2
0.002112 0.1 0
0.002113 0.1 0
0.002114 0 0
0.003 0 0
0.003001 0.1 0
0.00301 0.1 0
0.003011 0.1 2
0.003111 0.1 2
0.003112 0.1 0
0.003113 0.1 0
0.003114 0 0
0.004 0 0
0.004001 0.1 0
0.00401 0.1 0
0.004011 0.1 2
0.004111 0.1 2
0.004112 0.1 0
0.004113 0.1 0
0.004114 0 0
0.005 0 0
0.005001 0.1 0
0.00501 0.1 0
0.005011 0.1 2
0.005111 0.1 2
0.005112 0.1 0
0.005113 0.1 0
0.005114 0 0
0.006 0 0
0.006001 0.1 0
0.00601 0.1 0
0.006011 0.1 2
0.006111 0.1 2
0.006112 0.1 0
0.006113 0.1 0
0.006114 0 0
0.007 0 0
0.007001 0.1 0
0.00701 0.1 0
0.007011 0.1 2
0.007111 0.1 2
0.007112 0.1 0
0.007113 0.1 0
0.007114 0 0
0.008 0 0
0.008001 0.1 0
0.00801 0.1 0
0.008011 0.1 2
0.008111 0.1 2
0.008112 0.1 0
0.008113 0.1 0
0.008114 0 0
0.009 0 0
0.009001 0.1 0
0.00901 0.1 0
0.009011 0.1 2
0.009111 0.1 2
0.009112 0.1 0
0.009113 0.1 0
0.009114 0 0
0.01 0 0
