0 -8.7890111899e-5
2.5e-6 -8.7890111899e-5
4.5e-6 -3.8670565118e-5
6.5e-6 -3.93754424294e-4
8.5e-6 -2.77736922726e-4
1.19e-5 1.99961960316
1.29e-5 1.99976468086
1.39e-5 2.00012493134
1.49e-5 1.99990963936
1.59e-5 2.00022172928
1.69e-5 2.00016021729
1.79e-5 2.00015568733
1.89e-5 2.00016021729
2.1e-5 2.00019097328
2.4e-5 2.00005722046
2.7e-5 2.00006437302
3e-5 2.00007677078
3.3e-5 1.99990093708
3.6e-5 1.99993777275
3.9e-5 1.99990439415
4.2e-5 1.99993431568
4.5e-5 2.00016641617
5.15e-5 1.99993777275
5.65e-5 1.99987924099
6.15e-5 1.9999178648
6.65e-5 1.99988043308
7.15e-5 2.00007724762
7.65e-5 2.00023317337
8.15e-5 1.99996948242
8.65e-5 1.99995541573
9.15e-5 2.00014519691
9.65e-5 1.99999761581
1.015e-4 2.00000691414
0.0010025 3.5158751416e-5
0.0010045 -2.70705553703e-4
0.0010065 -2.81252607238e-4
0.0010085 -3.26956476783e-4
0.0010119 1.99962842464
0.0010129 1.99999761581
0.0010139 1.99990963936
0.0010149 2.00013375282
0.0010159 2.00040626526
0.0010169 2.00004148483
0.0010179 2.00007677078
0.0010189 2.00001525879
0.001021 2.0000398159
0.001024 1.99992728233
0.001027 2.00008010864
0.00103 2.00017333031
0.001033 2.00005197525
0.001036 1.99980771542
0.001039 1.99980771542
0.001042 2.00014519691
0.001045 2.00000810623
0.0010515 1.99975025654
0.0010565 1.99997878075
0.0010615 2.00016403198
0.0010665 2.00005030632
0.0010715 2.00004792213
0.0010765 1.99996948242
0.0010815 2.00001859665
0.0010865 2.00008440018
0.0010915 2.00001168251
0.0010965 2.0000538826
0.0011015 2.0001335144
0.0020025 -3.69144661818e-4
0.0020045 -1.30078289658e-4
0.0020065 -3.5154884245e-5
0.0020085 -2.28517383221e-4
0.0020119 1.99968552589
0.0020129 2.00013828278
0.0020139 2.00032711029
0.0020149 2.00013375282
0.0020159 2.00031399727
0.0020169 2.00047659874
0.0020179 2.00027871132
0.0020189 2.00028324127
0.002021 2.00024008751
0.002024 2.00014162064
0.002027 2.00021028519
0.00203 2.00013637543
0.002033 2.00030517578
0.002036 2.00029110909
0.002039 1.99979364872
0.002042 1.99994301796
0.002045 1.99989557266
0.0020515 1.9998780489
0.0020565 2.00005149841
0.0020615 1.99994134903
0.0020665 2.00027656555
0.0020715 2.00003027916
0.0020765 2.00007033348
0.0020815 2.00005722046
0.0020865 2.00020384789
0.0020915 2.00010895729
0.0020965 2.00016856194
0.0021015 2.00029993057
0.0030025 -2.8123520678e-5
0.0030045 -4.04301477829e-4
0.0030065 -1.47656697663e-4
0.0030085 -4.5701930503e-5
0.0030119 1.99995803833
0.0030129 2.00013375282
0.0030139 2.0006172657
0.0030149 2.0003182888
0.0030159 2.00040197372
0.0030169 2.0000371933
0.0030179 2.0000679493
0.0030189 2.00027441978
0.003021 2.00032639503
0.003024 2.00027012825
0.003027 2.00022959709
0.00303 2.0001540184
0.003033 2.00020503998
0.003036 2.00006437302
0.003039 2.00014877319
0.003042 2.00012230873
0.003045 1.99998521805
0.0030515 2.00005269051
0.0030565 2.0002155304
0.0030615 2.00016522408
0.0030665 2.00009608269
0.0030715 2.00003147125
0.0030765 2.00004220009
0.0030815 1.99978780746
0.0030865 1.99999403954
0.0030915 1.99983465672
0.0030965 1.99998116493
0.0031015 1.99979829788
0.0040025 -1.0195284267e-4
0.0040045 -1.54688066687e-4
0.0040065 -1.79297843715e-4
0.0040085 9.8441021692e-5
0.0040119 1.99990963936
0.0040129 1.99987888336
0.0040139 2.00021719933
0.0040149 2.00025248528
0.0040159 2.00036239624
0.0040169 2.0001513958
0.0040179 2.00035786629
0.0040189 2.00010752678
0.004021 2.00011706352
0.004024 2.00000119209
0.004027 2.00003457069
0.00403 1.99984288216
0.004033 1.9999588728
0.004036 1.99976205826
0.004039 1.9999448061
0.004042 1.99993956089
0.004045 2.00017499924
0.0040515 1.99983119965
0.0040565 1.99993896484
0.0040615 1.99994361401
0.0040665 1.99986040592
0.0040715 1.99975383282
0.0040765 2.00011825562
0.0040815 1.9999717474
0.0040865 2.0000538826
0.0040915 2.0000538826
0.0040965 1.9999307394
0.0041015 1.99995541573
0.0050025 1.54691937496e-4
0.0050045 6.6799890192e-5
0.0050065 1.86333068996e-4
0.0050085 4.2190116801e-5
0.0050119 1.99988770485
0.0050129 2.00022602081
0.0050139 2.00051617622
0.0050149 2.00019526482
0.0050159 2.00027012825
0.0050169 2.00001072884
0.0050179 2.00013375282
0.0050189 2.00016021729
0.005021 2.00028419495
0.005024 2.00025773048
0.005027 2.00009250641
0.00503 2.00033855438
0.005033 2.00035619736
0.005036 2.00044226646
0.005039 2.00041413307
0.005042 2.00044584274
0.005045 2.00022959709
0.0050515 2.00011134148
0.0050565 2.00013828278
0.0050615 2.00017690659
0.0050665 2.00018048286
0.0050715 2.00006079674
0.0050765 2.00028586388
0.0050815 2.00031280518
0.0050865 2.00026249886
0.0050915 2.00018501282
0.0050965 2.0001604557
0.0051015 2.00031161308
0.0060025 1.01956706203e-4
0.0060045 5.9768524807e-5
0.0060065 1.65238976479e-4
0.0060085 -3.513748197e-6
0.0060119 2.00010299683
0.0060129 2.00034046173
0.0060139 2.00044584274
0.0060149 2.00070953369
0.0060159 2.00052499771
0.0060169 2.0003798008
0.0060179 1.99999320507
0.0060189 2.00028753281
0.006021 2.00008201599
0.006024 2.0001206398
0.006027 2.00025606155
0.00603 1.99998354912
0.006033 2.00012421608
0.006036 2.00019097328
0.006039 2.0000731945
0.006042 1.99994659424
0.006045 2.0000538826
0.0060515 2.00001168251
0.0060565 1.99994838238
0.0060615 2.0000140667
0.0060665 2.00007247925
0.0060715 2.00010538101
0.0060765 2.00010299683
0.0060815 2.00020861626
0.0060865 2.00016641617
0.0060915 2.00024843216
0.0060965 2.0003221035
0.0061015 2.00038433075
0.0070025 -1.08984204417e-4
0.0070045 -6.6796019382e-5
0.0070065 -2.28517383221e-4
0.0070085 -1.79297843715e-4
0.0070119 1.99989652634
0.0070129 2.00016021729
0.0070139 2.00039744377
0.0070149 2.00029635429
0.0070159 2.00042390823
0.0070169 2.00030088425
0.0070179 2.0000898838
0.0070189 2.0005030632
0.007021 2.00043702126
0.007024 2.00017333031
0.007027 2.00003790855
0.00703 1.99998176098
0.007033 1.99996769428
0.007036 2.000020504
0.007039 2.0001680851
0.007042 2.0000731945
0.007045 1.99988508224
0.0070515 1.99991905689
0.0070565 1.99976670742
0.0070615 1.99992024899
0.0070665 1.99996125698
0.0070715 2.00006556511
0.0070765 1.99996948242
0.0070815 1.99989438057
0.0070865 1.99990618229
0.0070915 2.00013947487
0.0070965 2.00008535385
0.0071015 1.99994838238
0.0080025 -5.9764657635e-5
0.0080045 1.30082160467e-4
0.0080065 -6.6796019382e-5
0.0080085 4.2190116801e-5
0.0080119 2.00029206276
0.0080129 2.00019097328
0.0080139 2.00059962273
0.0080149 2.00025677681
0.0080159 2.00025677681
0.0080169 2.00018215179
0.0080179 2.00010752678
0.0080189 2.00031399727
0.008021 2.00031399727
0.008024 2.00031399727
0.008027 2.00043177605
0.00803 2.00016975403
0.008033 2.00007486343
0.008036 2.00012230873
0.008039 2.00043535233
0.008042 2.00025939941
0.008045 2.00019454956
0.0080515 2.00007367134
0.0080565 2.00019907951
0.0080615 2.00013232231
0.0080665 2.00009250641
0.0080715 2.00019335747
0.0080765 2.00004220009
0.0080815 1.99996006489
0.0080865 1.99998581409
0.0080915 2.00010538101
0.0080965 2.00004553795
0.0081015 1.99990034103
0.0090025 1.65238976479e-4
0.0090045 1.75786030013e-4
0.0090065 2.63678084593e-4
0.0090085 4.25399426604e-4
0.0090119 1.99999320507
0.0090129 2.00027012825
0.0090139 2.00056886673
0.0090149 2.00039744377
0.0090159 2.00048089027
0.0090169 2.00056886673
0.0090179 2.00047659874
0.0090189 2.00042819977
0.009021 2.00017166138
0.009024 2.00000810623
0.009027 2.00002384186
0.00903 2.0002155304
0.009033 2.00038790703
0.009036 2.00027537346
0.009039 2.00000286102
0.009042 2.00018048286
0.009045 1.99995541573
0.0090515 2.00018382072
0.0090565 2.00013709068
0.0090615 2.00025773048
0.0090665 1.99985456467
0.0090715 2.00020503998
0.0090765 2.00000119209
0.0090815 2.00027418137
0.0090865 1.99997758865
0.0090915 2.00026941299
0.0090965 2.00004553795
0.0091015 1.99992609024
0.01 1.99992609024
