0 -1.45261879e-7
2.5e-6 -1.45261879e-7
4.5e-6 -6.53979384e-7
6.5e-6 5.1154791e-7
8.5e-6 -4.831586e-9
1.19e-5 2.198595439e-6
1.29e-5 2.302249641e-6
1.39e-5 2.068817821e-6
1.49e-5 2.72376451e-6
1.59e-5 1.186619784e-6
1.69e-5 2.511072353e-6
1.79e-5 2.860904942e-6
1.89e-5 1.658911287e-6
2.1e-5 2.118526254e-6
2.4e-5 2.22020185e-6
2.7e-5 2.23098732e-6
3e-5 2.338342938e-6
3.3e-5 2.201831194e-6
3.6e-5 2.146075076e-6
3.9e-5 2.313784535e-6
4.2e-5 2.205585133e-6
4.5e-5 2.199933078e-6
5.15e-5 2.119461215e-6
5.65e-5 2.210293815e-6
6.15e-5 2.220026545e-6
6.65e-5 2.210527327e-6
7.15e-5 2.191785597e-6
7.65e-5 2.194099125e-6
8.15e-5 2.124349749e-6
8.65e-5 2.2120214e-6
9.15e-5 2.130204848e-6
9.65e-5 2.111012464e-6
1.015e-4 2.098496907e-6
0.0010025 5.30983073e-7
0.0010045 -2.13477492e-7
0.0010065 -2.10395882e-7
0.0010085 -3.945766e-8
0.0010119 1.597891924e-6
0.0010129 1.709495223e-6
0.0010139 2.936474402e-6
0.0010149 2.049268687e-6
0.0010159 1.921049261e-6
0.0010169 2.463193596e-6
0.0010179 1.857771281e-6
0.0010189 2.349427859e-6
0.001021 2.108678927e-6
0.001024 1.914926315e-6
0.001027 2.045355586e-6
0.00103 2.124570301e-6
0.001033 2.298183972e-6
0.001036 2.467196055e-6
0.001039 2.266586989e-6
0.001042 2.165828846e-6
0.001045 2.053507842e-6
0.0010515 2.066077059e-6
0.0010565 2.025549065e-6
0.0010615 2.062458407e-6
0.0010665 2.045607516e-6
0.0010715 2.076941882e-6
0.0010765 2.107419505e-6
0.0010815 2.086630275e-6
0.0010865 2.162185865e-6
0.0010915 2.224973514e-6
0.0010965 2.190686018e-6
0.0011015 2.258784889e-6
0.0020025 -1.1088094e-7
0.0020045 1.7292962e-8
0.0020065 3.69758936e-7
0.0020085 4.53347553e-7
0.0020119 1.782508321e-6
0.0020129 2.523818921e-6
0.0020139 1.92338689e-6
0.0020149 2.245546284e-6
0.0020159 2.128427695e-6
0.0020169 2.000479526e-6
0.0020179 2.476535428e-6
0.0020189 1.191014576e-6
0.002021 1.902536951e-6
0.002024 2.078493253e-6
0.002027 2.178459908e-6
0.00203 2.063670081e-6
0.002033 2.162502142e-6
0.002036 2.136340072e-6
0.002039 2.127567996e-6
0.002042 2.397012622e-6
0.002045 2.269034667e-6
0.0020515 2.267410991e-6
0.0020565 2.186140591e-6
0.0020615 2.174605697e-6
0.0020665 2.134603164e-6
0.0020715 2.157091785e-6
0.0020765 2.018127589e-6
0.0020815 2.062689418e-6
0.0020865 1.96844826e-6
0.0020915 2.02779961e-6
0.0020965 2.053101525e-6
0.0021015 2.047085445e-6
0.0030025 3.69163615e-7
0.0030045 3.79823177e-7
0.0030065 -4.62597512e-7
0.0030085 3.6763122e-8
0.0030119 2.094582442e-6
0.0030129 2.0552568e-6
0.0030139 2.359705832e-6
0.0030149 1.246133365e-6
0.0030159 2.88777278e-6
0.0030169 2.513436129e-6
0.0030179 1.465584091e-6
0.0030189 2.468700131e-6
0.003021 2.174495876e-6
0.003024 2.100369102e-6
0.003027 1.90585672e-6
0.00303 1.965478759e-6
0.003033 2.140846846e-6
0.003036 2.090588623e-6
0.003039 2.162257033e-6
0.003042 2.179191824e-6
0.003045 2.083696927e-6
0.0030515 2.164307944e-6
0.0030565 2.068087042e-6
0.0030615 2.149075044e-6
0.0030665 2.070911933e-6
0.0030715 2.087522262e-6
0.0030765 2.099657195e-6
0.0030815 2.082033689e-6
0.0030865 2.079194701e-6
0.0030915 2.145804274e-6
0.0030965 2.046653435e-6
0.0031015 2.165393425e-6
0.0040025 1.12353575e-7
0.0040045 -2.73512825e-7
0.0040065 -1.07561206e-7
0.0040085 -2.6269776e-8
0.0040119 2.488143991e-6
0.0040129 1.264395337e-6
0.0040139 2.416190227e-6
0.0040149 2.471335392e-6
0.0040159 1.809857622e-6
0.0040169 2.445483005e-6
0.0040179 1.963465138e-6
0.0040189 2.228107178e-6
0.004021 2.022877197e-6
0.004024 2.172692348e-6
0.004027 2.172653922e-6
0.00403 2.080286322e-6
0.004033 2.31280751e-6
0.004036 2.320732165e-6
0.004039 2.16509693e-6
0.004042 2.176131147e-6
0.004045 1.986079951e-6
0.0040515 2.055963705e-6
0.0040565 2.090757789e-6
0.0040615 2.061461601e-6
0.0040665 2.07247831e-6
0.0040715 2.033348892e-6
0.0040765 2.098625373e-6
0.0040815 2.057284973e-6
0.0040865 2.137904175e-6
0.0040915 2.19190224e-6
0.0040965 2.161121301e-6
0.0041015 2.160315717e-6
0.0050025 9.4179093e-8
0.0050045 5.2115137e-8
0.0050065 -2.8945172e-8
0.0050085 -7.5547497e-8
0.0050119 1.89407649e-6
0.0050129 2.174634119e-6
0.0050139 2.360353619e-6
0.0050149 2.129066615e-6
0.0050159 2.142907761e-6
0.0050169 2.259054554e-6
0.0050179 1.997853133e-6
0.0050189 2.170265589e-6
0.005021 2.022908802e-6
0.005024 2.142678341e-6
0.005027 2.069994252e-6
0.00503 2.127130074e-6
0.005033 2.231862936e-6
0.005036 2.095400077e-6
0.005039 2.136133389e-6
0.005042 2.108938133e-6
0.005045 1.969498953e-6
0.0050515 2.096286153e-6
0.0050565 2.151680292e-6
0.0050615 2.105859949e-6
0.0050665 2.120357522e-6
0.0050715 2.088292604e-6
0.0050765 2.10653252e-6
0.0050815 2.025964704e-6
0.0050865 2.07450239e-6
0.0050915 2.155532229e-6
0.0050965 2.093832336e-6
0.0051015 2.193258752e-6
0.0060025 8.48379e-10
0.0060045 -2.03266154e-7
0.0060065 -3.956129e-9
0.0060085 1.4337419e-8
0.0060119 2.569973049e-6
0.0060129 1.151041261e-6
0.0060139 2.347309419e-6
0.0060149 2.290807288e-6
0.0060159 1.874378768e-6
0.0060169 2.260113888e-6
0.0060179 2.07905191e-6
0.0060189 2.13066005e-6
0.006021 2.10661301e-6
0.006024 2.063249894e-6
0.006027 2.147090527e-6
0.00603 2.09607947e-6
0.006033 2.08804272e-6
0.006036 2.357406856e-6
0.006039 2.184836831e-6
0.006042 2.127375183e-6
0.006045 2.104077566e-6
0.0060515 2.068535196e-6
0.0060565 2.13621388e-6
0.0060615 2.095655645e-6
0.0060665 2.077296813e-6
0.0060715 2.046020882e-6
0.0060765 2.095723403e-6
0.0060815 2.173849225e-6
0.0060865 2.092625436e-6
0.0060915 2.272054417e-6
0.0060965 2.236716455e-6
0.0061015 2.065789886e-6
0.0070025 4.16221184e-7
0.0070045 -8.1780748e-8
0.0070065 -1.04549635e-7
0.0070085 -6.1505169e-8
0.0070119 2.034140834e-6
0.0070129 1.348299179e-6
0.0070139 2.78230641e-6
0.0070149 2.028039034e-6
0.0070159 2.057226766e-6
0.0070169 2.231670123e-6
0.0070179 1.959429483e-6
0.0070189 2.261742111e-6
0.007021 2.030318683e-6
0.007024 1.957344011e-6
0.007027 2.080972536e-6
0.00703 2.061470923e-6
0.007033 2.284568836e-6
0.007036 2.415505605e-6
0.007039 2.130512939e-6
0.007042 2.129994755e-6
0.007045 2.007139983e-6
0.0070515 2.071728886e-6
0.0070565 2.010437584e-6
0.0070615 2.03017612e-6
0.0070665 2.013626499e-6
0.0070715 2.007024477e-6
0.0070765 2.056061703e-6
0.0070815 2.045677547e-6
0.0070865 2.106448392e-6
0.0070915 2.183058996e-6
0.0070965 2.151888111e-6
0.0071015 2.164791113e-6
0.0080025 9.8255221e-8
0.0080045 -8.402192e-8
0.0080065 -6.57957457e-7
0.0080085 3.12553055e-7
0.0080119 2.354085382e-6
0.0080129 1.938838523e-6
0.0080139 2.26572547e-6
0.0080149 2.11426277e-6
0.0080159 1.994876584e-6
0.0080169 2.265121338e-6
0.0080179 1.198377163e-6
0.0080189 2.931370318e-6
0.008021 2.327630909e-6
0.008024 2.175175268e-6
0.008027 2.062069598e-6
0.00803 1.833172746e-6
0.008033 1.97593522e-6
0.008036 2.099318635e-6
0.008039 2.058746531e-6
0.008042 2.202580617e-6
0.008045 2.115017423e-6
0.0080515 2.045014526e-6
0.0080565 2.01382727e-6
0.0080615 2.06413938e-6
0.0080665 2.012893447e-6
0.0080715 2.123955255e-6
0.0080765 2.012926188e-6
0.0080815 2.126341087e-6
0.0080865 2.169478876e-6
0.0080915 2.150506134e-6
0.0080965 2.129296718e-6
0.0081015 2.1901933e-6
0.0090025 -2.88619702e-7
0.0090045 6.18262618e-7
0.0090065 -1.54786846e-7
0.0090085 -2.11019199e-7
0.0090119 1.830422093e-6
0.0090129 2.842336471e-6
0.0090139 1.378835123e-6
0.0090149 1.583954713e-6
0.0090159 3.037887382e-6
0.0090169 1.836777869e-6
0.0090179 1.90258595e-6
0.0090189 2.378790668e-6
0.009021 2.112636139e-6
0.009024 2.179296871e-6
0.009027 1.97607892e-6
0.00903 2.10732378e-6
0.009033 2.154146841e-6
0.009036 1.888326551e-6
0.009039 1.968945526e-6
0.009042 2.042718506e-6
0.009045 2.115598591e-6
0.0090515 2.155238235e-6
0.0090565 2.055258619e-6
0.0090615 2.163588761e-6
0.0090665 2.049774821e-6
0.0090715 2.114343715e-6
0.0090765 1.976901785e-6
0.0090815 1.999766255e-6
0.0090865 1.986092911e-6
0.0090915 2.02909996e-6
0.0090965 1.963692966e-6
0.0091015 2.100485972e-6
0.01 2.100485972e-6
